BFS
Start: 0 | Goal: 61
Path:[0, 8, 16, 24, 25, 26, 27, 35, 34, 33, 32, 40, 48, 56, 57, 58, 59, 51, 43, 44, 45, 53, 61]| Cost 22
Explored node: [0, 1, 8, 2, 9, 16, 10, 17, 24, 18, 25, 19, 26, 11, 20, 27, 3, 28, 35, 4, 29, 34, 36, 5, 30, 33, 37, 6, 31, 32, 23, 40, 15, 48, 7, 14, 56, 13, 57, 12, 21, 58, 22, 59, 51, 60, 43, 42, 44, 41, 50, 45, 49, 46, 53, 38, 52, 61] | Time 58
UCS
Start: 0 | Goal: 61
Path:[0, 8, 16, 24, 25, 26, 27, 35, 34, 33, 32, 40, 48, 56, 57, 58, 59, 51, 43, 44, 45, 53, 61]| Cost 22
Explored node: [0, 1, 8, 2, 9, 16, 10, 17, 24, 18, 25, 19, 26, 11, 20, 27, 3, 28, 35, 4, 29, 34, 36, 5, 30, 33, 37, 6, 31, 32, 23, 40, 15, 48, 7, 14, 56, 13, 57, 12, 21, 58, 22, 59, 51, 60, 43, 42, 44, 41, 45, 50, 46, 49, 53, 38, 52, 61] | Time 58
GBFS
Start: 0 | Goal: 61
Path:[0, 8, 16, 24, 25, 26, 27, 35, 34, 33, 32, 40, 48, 56, 57, 58, 59, 51, 43, 44, 45, 53, 61]| Cost 22
Explored node: [0, 1, 2, 10, 18, 19, 20, 28, 29, 30, 31, 23, 11, 15, 14, 13, 21, 22, 12, 3, 4, 5, 6, 7, 8, 9, 16, 17, 24, 25, 26, 27, 35, 36, 37, 34, 33, 32, 40, 48, 56, 57, 58, 59, 60, 51, 43, 44, 45, 53, 61] | Time 51
IDS
Start: 0 | Goal: 61
Path:[0, 8, 16, 24, 25, 26, 27, 35, 34, 33, 32, 40, 48, 56, 57, 58, 59, 51, 43, 44, 45, 53, 61]| Cost 22
Explored node: [[0], [0, 1, 8], [0, 1, 2, 8, 9, 16], [0, 1, 2, 10, 8, 9, 16, 17, 24], [0, 1, 2, 10, 18, 8, 9, 16, 17, 24, 25], [0, 1, 2, 10, 18, 19, 8, 9, 16, 17, 24, 25, 26], [0, 1, 2, 10, 18, 19, 11, 20, 8, 9, 16, 17, 24, 25, 26, 27], [0, 1, 2, 10, 18, 19, 11, 3, 20, 28, 8, 9, 16, 17, 24, 25, 26, 27, 35], [0, 1, 2, 10, 18, 19, 11, 3, 4, 20, 28, 29, 8, 9, 16, 17, 24, 25, 26, 27, 35, 34, 36], [0, 1, 2, 10, 18, 19, 11, 3, 4, 5, 20, 28, 29, 30, 8, 9, 16, 17, 24, 25, 26, 27, 35, 34, 33, 36, 37], [0, 1, 2, 10, 18, 19, 11, 3, 4, 5, 6, 20, 28, 29, 30, 31, 8, 9, 16, 17, 24, 25, 26, 27, 35, 34, 33, 32, 36, 37], [0, 1, 2, 10, 18, 19, 11, 3, 4, 5, 6, 20, 28, 29, 30, 31, 23, 8, 9, 16, 17, 24, 25, 26, 27, 35, 34, 33, 32, 40, 36, 37], [0, 1, 2, 10, 18, 19, 11, 3, 4, 5, 6, 20, 28, 29, 30, 31, 23, 15, 8, 9, 16, 17, 24, 25, 26, 27, 35, 34, 33, 32, 40, 48, 36, 37], [0, 1, 2, 10, 18, 19, 11, 3, 4, 5, 6, 20, 28, 29, 30, 31, 23, 15, 7, 14, 8, 9, 16, 17, 24, 25, 26, 27, 35, 34, 33, 32, 40, 48, 56, 36, 37], [0, 1, 2, 10, 18, 19, 11, 3, 4, 5, 6, 20, 28, 29, 30, 31, 23, 15, 7, 14, 13, 8, 9, 16, 17, 24, 25, 26, 27, 35, 34, 33, 32, 40, 48, 56, 57, 36, 37], [0, 1, 2, 10, 18, 19, 11, 3, 4, 5, 6, 20, 28, 29, 30, 31, 23, 15, 7, 14, 13, 12, 21, 8, 9, 16, 17, 24, 25, 26, 27, 35, 34, 33, 32, 40, 48, 56, 57, 58, 36, 37], [0, 1, 2, 10, 18, 19, 11, 3, 4, 5, 6, 20, 28, 29, 30, 31, 23, 15, 7, 14, 13, 12, 21, 22, 8, 9, 16, 17, 24, 25, 26, 27, 35, 34, 33, 32, 40, 48, 56, 57, 58, 59, 36, 37], [0, 1, 2, 10, 18, 19, 11, 3, 4, 5, 6, 20, 28, 29, 30, 31, 23, 15, 7, 14, 13, 12, 21, 22, 8, 9, 16, 17, 24, 25, 26, 27, 35, 34, 33, 32, 40, 48, 56, 57, 58, 59, 51, 60, 36, 37], [0, 1, 2, 10, 18, 19, 11, 3, 4, 5, 6, 20, 28, 29, 30, 31, 23, 15, 7, 14, 13, 12, 21, 22, 8, 9, 16, 17, 24, 25, 26, 27, 35, 34, 33, 32, 40, 48, 56, 57, 58, 59, 51, 43, 60, 36, 37], [0, 1, 2, 10, 18, 19, 11, 3, 4, 5, 6, 20, 28, 29, 30, 31, 23, 15, 7, 14, 13, 12, 21, 22, 8, 9, 16, 17, 24, 25, 26, 27, 35, 34, 33, 32, 40, 48, 56, 57, 58, 59, 51, 43, 42, 44, 60, 36, 37], [0, 1, 2, 10, 18, 19, 11, 3, 4, 5, 6, 20, 28, 29, 30, 31, 23, 15, 7, 14, 13, 12, 21, 22, 8, 9, 16, 17, 24, 25, 26, 27, 35, 34, 33, 32, 40, 48, 56, 57, 58, 59, 51, 43, 42, 41, 50, 44, 45, 60, 36, 37], [0, 1, 2, 10, 18, 19, 11, 3, 4, 5, 6, 20, 28, 29, 30, 31, 23, 15, 7, 14, 13, 12, 21, 22, 8, 9, 16, 17, 24, 25, 26, 27, 35, 34, 33, 32, 40, 48, 56, 57, 58, 59, 51, 43, 42, 41, 49, 50, 44, 45, 46, 53, 60, 36, 37], [0, 1, 2, 10, 18, 19, 11, 3, 4, 5, 6, 20, 28, 29, 30, 31, 23, 15, 7, 14, 13, 12, 21, 22, 8, 9, 16, 17, 24, 25, 26, 27, 35, 34, 33, 32, 40, 48, 56, 57, 58, 59, 51, 43, 42, 41, 49, 50, 44, 45, 46, 38, 53, 52, 61]] | Time 690
A-star
Start: 0 | Goal: 61
Path:[0, 8, 16, 24, 25, 26, 27, 35, 34, 33, 32, 40, 48, 56, 57, 58, 59, 51, 43, 44, 45, 53, 61]| Cost 22
Explored node: [0, 1, 2, 8, 9, 10, 16, 17, 18, 19, 20, 24, 25, 26, 27, 28, 29, 35, 36, 37, 11, 30, 34, 3, 4, 5, 31, 33, 6, 23, 32, 40, 48, 56, 57, 58, 59, 60, 15, 14, 13, 21, 51, 7, 12, 22, 43, 44, 45, 53, 61] | Time 51
