BFS
Start: 0 | Goal: 18
Path:[0, 5, 6, 11, 16, 21, 22, 23, 18]| Cost 8
Explored node: [0, 1, 5, 2, 6, 10, 3, 7, 11, 15, 4, 8, 16, 20, 9, 13, 21, 14, 12, 22, 19, 17, 23, 24, 18] | Time 25
UCS
Start: 0 | Goal: 18
Path:[0, 5, 6, 11, 16, 21, 22, 23, 18]| Cost 8
Explored node: [0, 1, 5, 2, 6, 10, 3, 7, 11, 15, 4, 8, 16, 20, 9, 13, 21, 12, 14, 22, 17, 19, 23, 18] | Time 24
GBFS
Start: 0 | Goal: 18
Path:[0, 5, 6, 11, 16, 21, 22, 23, 18]| Cost 8
Explored node: [0, 1, 2, 3, 8, 13, 12, 17, 14, 19, 24, 9, 4, 5, 6, 7, 11, 16, 21, 22, 23, 18] | Time 22
IDS
Start: 0 | Goal: 18
Path:[0, 5, 6, 11, 16, 21, 22, 23, 18]| Cost 8
Explored node: [[0], [0, 1, 5], [0, 1, 2, 5, 6, 10], [0, 1, 2, 3, 5, 6, 7, 11, 10, 15], [0, 1, 2, 3, 4, 8, 5, 6, 7, 11, 16, 10, 15, 20], [0, 1, 2, 3, 4, 9, 8, 13, 5, 6, 7, 11, 16, 21, 10, 15, 20], [0, 1, 2, 3, 4, 9, 8, 14, 5, 6, 7, 11, 16, 21, 22, 10, 15, 20], [0, 1, 2, 3, 4, 9, 8, 13, 14, 19, 5, 6, 7, 11, 16, 21, 22, 23, 10, 15, 20], [0, 1, 2, 3, 4, 9, 8, 13, 12, 14, 5, 6, 7, 11, 16, 21, 22, 23, 18]] | Time 109
A-star
Start: 0 | Goal: 18
Path:[0, 5, 6, 11, 16, 21, 22, 23, 18]| Cost 8
Explored node: [0, 1, 2, 3, 5, 6, 7, 8, 10, 11, 13, 15, 16, 4, 9, 12, 14, 17, 19, 20, 21, 22, 23, 18] | Time 24
